$ANSIBLE_VAULT;1.1;AES256
32326264313235333631363334376566373039316333383038653630383736366262613161316163
3432363035656136343038623133633238346466323033300a326538313466313263343834653063
38626237626134663635363133663664333039633439656438303736366437333833613432636561
3131613839353133650a313265383934393832306164326139343666316362353230313435316163
62373839373864333363623762316334353866336232626433303537333838396630303331636637
65393066363631393565363334643431646238363433323432396432343562376662616266346639
37613462346266376538373565383161346361616531393931663964653866373132643030666537
61383735306466363866623763623563633164363737393166313135363033643165303832386434
36663838656533383664383633313764363264383039633364633965663130353938616635363365
62326462326233636338313436643564663831333261356262393736333731303261346330353230
31383937336263653063653734363766323863656435323631613962323265323161663330306237
61366535363164646364306236313737313466616131363130343635346239313739396236613736
32383531353962383865353238393062306132623339636263636436643638656339356331373964
34636636383338303665326437363237643735663266393031386664356262656133346630363661
66326263373635346231323336316637383337666163303261663436373262613030333864366563
62323164623837663636383739613566376565663637346263333061333437333362353034353038
35366635376664313134333964363665623732326162336431623537643937376661376265323765
33313735303035633439623034346139346639616638633935326461623461313534636335653663
35383061316139393633383863386134636337323433336264313830383637333833303334356565
37636436376431313231303033303865366162646531653030626333633233613336333666336662
32656131313465396162396538663461366239303437363964643733346361356138643962303234
33633136616335366634363832373139653962363232393731353264613565333036653837373837
32376232666365663038663865633134346632613237343766323333333137643865616530353631
34366664653832393531326463616463346363613434663661646436303439373932656463366633
30626432333436636630316465383437383764663136323032633938623331323734383337346461
63383765386135386137313532376432363162616537383535386134633039663133313539643930
30373639356465646666313936376263363466393736393134353066653665376364323666653366
62376637326537343230366336656566663432633630353938343930303533323262643439303530
34363430626331636434356131646636333464633464643461356262343534303161353262633132
61386236366432626237623830393264366136646539376136376339316162323565346265393132
33306231303235303465303065623937356338333666666633323833626563633930326230323565
65666337303636393135323639626534383434383539383838663232666566323132383337666363
61353333376462663662303336323066333436376132653632643562626133323932346366666332
64383839386638373132363639356636333439323431663761623966623234373931396234626131
64373466653263663130383462623636336539303531383938373361303562316234656639643962
64336161666361333261313730643035343932396632323335393966373135636332303065336165
32376465666239393936313836336265366263376637383036386333353332613762343565323363
64643161353136643639333939303539393261353039333035316166353239343166303739636334
33613061326663636664393339656237643461373238373938396235323663363331633436326131
32646536363537393566656339313162643133393331303062326665333734353364393063303535
61396135623630326239623033363330303162663437646333663666343061616536396336356238
64376434336463616639633165613137633730373938323534646263306232366338373132336139
64383566363231323332366231396239656264633736663837323834666135303031663631656236
35336433343532313262666266613661613931346334303037613861336530663034363563306136
33613561356465653135356531393030343930363335633562623263356162373361356632306332
63636262366132383633636131663831623531396639366338656139363432393364346130643438
61613434653363323566613736376530656534313935343566383531343635656537626337383031
63623532626132316364353263663439646161303434303330653563616361646464623165373465
33343139353437353436663466613364653161613863316236613931393463653838306431393330
63393536653461333665636239646266383363363332633037373034646331393536313365366664
38653963383236353863316134326264336463666336613163316333306538356638633639666332
64353638396632346363653530616163363562366235363864363239383734376564656232656331
38383837393635333562623331326465343663393266376138333738346130633839613163343735
37313638376139653732643062316535366134653065373837623230336333306435613233623364
30626562326166353031636638303132346261383164626664666261333936643235313430343161
30316365623139613939613536306337333534346165613265636335333561376339333339323238
34376233376535623531626361373035313266643861306131323664616665663366373131333934
38356438363062386634393739376661616163303937363433646263643134333336393030396165
62323565656639626361366364656538643733333935636631323839393238653431376361353432
35623161306364623566323661626265303135396262623035373534653831376663646433616433
64623236313865313737653164393064626266623234643563343334643033396461653162663266
66346665306533333163616162303330636162383466383739316438663132613034336135323337
30343631333837626266373030373064396231393639353137353665616466666537383765393836
62316430376231333664653965326366653961363733333437636637383161373138613364396131
30326434343662386132336135396336386133666233313737623261663139326635393062626133
37383333313738613137343566663664656235323962343830626237666463643863643864613465
36346132333330643364656531633361616233396434653135656630393765656364646366626363
65303466373665386334613364343165303165363030393634623332393335343738643438396438
30366237666535643865623337393538313632636139633038653030393163373436323133323637
66333530383437626162623431353035356563653330333033343731643464333832313138343366
61653732386566663739323161306433353232346133316661646634376337356663386136663762
38323038333532346631633735386665326534633634363737613631373262316361633437373731
36643635353931633634396336663133313366646532613932643936376361326539666265656636
63383365303134643833376665333839373731333032363065626136613939616435353134363836
65613265373763663332636366643334626465633438383264333831333939663134643362366133
62666139653532353634653263636236356261616139326666333931656165316135376537643666
64636530636238336339646137363535383661653633386562386333653535626262373734356635
37313130636438313464663863373339666331336436613838383133386236643330363330643862
35633830336563366361613662613463373663323334383962326533353562643431633939366666
66393433316537353637316439663939323465383666353264373563346164343964633537623038
38663032383039333335396530613564326261353863333936376430366530323132623332643464
34636461313930323336393834653266636261336430336238316263303765643565303136303936
34633531303533366661313935326135346431656564663932306538373336373334663732613032
64326435353736623763623235316333623534623832343762623866343664383131353532386262
39306130663036333238366665653532386536343137306431393463386263386639333963303632
37646234396435383837393639393033363861336136393832333734373935633265376166363563
30303863343436343063656435653039373937643334633237653338343738343965373931373966
32373038343966346439
