$ANSIBLE_VAULT;1.1;AES256
38363232373765363265313830353466336466643630356263396631323366666463356636653736
3033306331656365303739313363636564326138653461660a383639313039366138306639386366
37363863386133326231363333663536323462636166666336366262373538346462653138333437
3562363333386261310a376164366563316132313231613263373635356563326561363661343661
65356536336163393036623932633736663539376465626633326333653336346161373939623238
37633834633431316632666635303430623732353234636332616538653538393939643632303564
39643161663464323733336530323534383630613638653165303236323032663064626563613562
65363562613238653862656337633165633736316136343831613537663633343434656533633937
35303565626331363132313062633465313935323332333339343837396161396138633838303839
65613438393533363465626362613233343633363530386232353637393666643734623338323965
37353266626535653166323563663430353932323866663838326264333934623533306335313137
38303139336235373762383938396431366631613239386230353431363730653531646366356665
36373863356134343333356134376234326362656330336165616337316361306135303265303032
32616430366664313132656137323033373761366138626233386565326362396135323135303339
37313064373362653563313564633632663165626434386434653734346166623631383333313230
32383063333661336637343466653264373933343061373834663532356434356265316139613539
39613064323730363234333639353432383330343161363465383765343166616238666230623434
38366665356338663561333238393164653861393832373933333764323262626134346239316538
39396534356131666430636633306363346465313364653439333961323865643839633462313735
38363861613434643961393134663233373363633335396436366337336436376432373533383163
65303462343862653835303834326562336430623035373931656165383534306631656632636663
61386134353435336661373163653135323631626238623135383839353635643732336637313435
33646465656662653534323139353733333366306163623465643037626166343837636332326634
65343836323135353335333235663263306262653636333964323838333033373663303836653334
3336
