$ANSIBLE_VAULT;1.1;AES256
64363164396232613264626465336133663266326435653633643136363834353464643135653438
3365656331353630333536376164336131393038643132350a626538626230376630643330346462
66393962303530363532663434393339366262653538653336663838656333616438363531336366
3465373931633861630a653238386563313262613337303136656364383336646261306664653563
63613630386538663035326638623833343537386130623732346462396437636562633264303165
66333834306263383436313861653062383537353532363335313036363235386331343036643965
31353235303237323631613437366164316565393034326437626534616137626635356433323538
38393136383739623863636633646335613064323132343363656235393832313262303061393961
30323065633763613635306533323038633462616133656233386365643134373539316537386439
34323032323462393632336133376438323934323864613633346231363430373661353563356534
33343339313833383532366366306536383565653132313462386533393439666239626330616565
65663033646264623935613439366265613033663936383265383032316131313362326636303533
62356531666561396536383233323938653465356161396432656262396537646531363166316561
66396339376330313464306263313733313764313966363633353362306633623361376231656438
34373663636130386461666534326266346433316335323934343037303735336364393162643766
64623635653661633161633163353339623136373866383237663161646232376161356661306537
34303431666166333931323535366566656463656262343839643764306236353066393237653938
30653832353839306463376663313266323066616237356132333066623538666363653264316164
39653530343762616136393666313465333836333362376266306634326266353938646463663264
65623963303063313961303236326334376132376134633361356664383566653363353361356364
33653263346532396261643962376533366364623232356335623231383731306636366430393239
66313563666461376130336434626434326139383236366338376231663931636361646462336130
31663431323038343931353934653735383664316164663064336664656536623063646633343231
62366238336163303561343663623639356330363333663136343639663730386431333138363664
31383764333533613836663432643561333062386336343135316336653538653737363031666339
33643331636266633232343436623461393338303236373438633066373332366665613637303138
31373065643664346163636635363837626464616532303737306135326461376138646631323635
35653933366364373132366131626636613962643863633739656234326531373938653832666465
66333133356635363030353834336461343434303035363235383336626239383439353135396538
62363232386666646536663161363435323731306137333436333138306363366162346232376533
64613532383861316537386534663563353631656231336535303332326331333031313938373530
64383132613564366363666236363238366637373031386261626132656235393239313436633831
64663561653638646432303936363336643764303336363765353065623961633066336562623166
66383764386238613661366366633337653563313961346539303135363564613136636331663639
64383365653835643235353436633031306161323363303736643839366131356532383066323666
31376233343065386264643532616262316533313837636237333566356130633236343734616238
61633665666462333166393632306262383061613430323861353765383431376536303739653861
38303037666139363835303736326530623735396131333964336130303839613337376435356239
32626134363831666534623062363830643736646665616463383761383139643230656237663935
33386461666331323533613861316639393161616135623539633031616233316134376137346365
39666563383538616137363334343233316333366664656430633931636536336661643566623765
39383966366635393632646261353835643335623936323834316438353337636461653934306665
33646162653065393432383562613834353033396463633461353761303930346163386435313939
34363266626433316165666335633034316561323036343432636663373064306561376261363961
30656535326330383831646636623030663837336335306665643664323137653762646337373232
35663465336164323736633366393533376636643065653234623430656363646634373039333633
62393936373836303439333464346535313535646634386536373238353437653037333937636232
33373462656362376330366433333733613764653531393630313162336261616163383164613865
61383062663430666661366332653865663333336565656233346165653435386532646139393861
38616232386234663535656265353263366333383264373038363735643231666336373162356238
34353762383930653336336539363861393635636463336635613433336263346237616231656635
38626633396230306137346137386631396464376536666162636463666338666664643662653861
38356463333536643730316461373135323465333365313334393939376635386261333737643361
33613464353130303138393732313638323836623636376238626266313162346337383432663633
62653830396238396432636636383639303637353063383739363564643836396430613939663130
38636239633862333432626138643134363031383738633134316635346335326631656430396361
34656263326335636332373533343438666332323233643261653032663737373266303035626338
39653464626161356433653761326233643539346531626238636664653036313463393163313463
37313639653363613236663937366632356564613363323134623861383735303138663765333939
35666633313762623463636263306662313230313164646537376163323939303132646134663330
64663236656133343563316462373966306661376164613735643562663932376332343633326532
33373539303962633637643433383134663632356262336538643039623863636665636361616335
34373237303631636663363763376439343065346561303064383438393432386461643135666237
63663863393164666230343430623834613131666465646664336136633265363732393131373466
39316365663761623766366437306436666534323339323634623234663163663565333238636430
64333433316335306137623663623732346536616365623533326264373238313836323839633132
38643661623333343962323631633731303964353537363164636133383332303562623338333563
33383033393435653762633561356134336661633131656261613830356563613266353137363764
62306430376538623331656432323030326461633537363632616234326563363838336435643763
64323263383262353461313737373965653530393832306537393038646665383532666232366365
30613635646561346235663938643332303261373332396366623038303361366563373037343938
39623265376264393037323630396161343233626630343531636137636534393230333432653738
36316535393535313834376439656163306565343464376362333030636230653933336639633338
61336538336134346162386234643137316661653930393161313133313132623263646637626532
65313238663265353762343564313334623531396166343765363130343431366462623862396438
66643665323165633437393363366165373936333662646463616434306530356438333236623661
63326638396661306238373237666532656461646131393265313234643962636563316637623534
34343862303830623338633134353430333466616165333938623230656166386266623031333561
37643765366161383766373730633632626433666135666333626362653861346335383761316337
36626439666337646639663866303763306264376133373532343233373531386139626465663861
63356231396139653639663638303963633963353537373962306137386138663666633835323837
36633766386436353764396632353538336132626266663737316164393065666462613865643634
62323263353566316161613633393061636163393661393062646439316531613337666465383632
64333633336430346530343730663962613433336437303932653135376162666266353932346432
65666432623531636566663266323364323239633834626435343864383037623439346638393665
38656663373563623964613764633130343065346462353532396333373038646664326663313730
62633066613630636538373030313233373832653430363135353839303131636533336432613934
66363438613866653836
